A 1484 166 1484 166 2 0
A 550 1000 550 0 3 0
A 1589 836 811 937 2 0
A 202 894 103 34 3 0
A 600 300 1200 200 2 0
A 184 16 184 16 5 0
A 60 50 50 0 1 0
A 59 86 81 37 2 0
A 20 84 13 34 3 0
A 10 30 120 200 1 0
A 50 750 100 1 3 0
A 854 540 421 34 3 0
A 811 302 148 16 4 0
A 189 86 81 93 2 0
A 02 94 130 400 3 0
A 6 30 150 20 5 0
A 60 700 1000 1 2 0
A 954 564 21 340 3 0
A 50 100 50 0 5 0
A 589 86 81 37 2 0
A 2 84 13 34 3 0
A 10 30 120 200 3 0
A 50 750 100 1 2 0
A 654 54 421 34 3 0
A 81 32 148 16 1 0
A 189 86 81 93 2 0
A 02 94 13 4 3 0
A 60 30 100 200 3 0
A 600 70 100 1 2 0
A 654 564 21 34 3 0
T 100 100 100
T 500 500 100
T 1000 1000 100
T 10 10 100
T 700 180 100
T 180 700 100
T 1000 1000 100
T 500 950 100
T 100 1000 100
T 100 10 100
T 550 180 100
T 1080 70 100
